Exponential function coefficients:
a:0.04719396674925873
b:0.0458548117992858
