Exponential function coefficients:
a:0.0004639363609152467
b:0.09619972780787893
